-1811945542
49
-3353083
1540
84549
531
2104
-7318
89
217991
-459925
7238
-383599
-245624
2214
51808252
24
376
-255715157
9913
134
-6965
1003
-12476
42991
407
-2974870
6143
37655959384
46620
7989719
-69
-220046171
168
-56636063820
1305
-2406003
-74559
61880
1404545
1575
-855081
-341270
66352
-82677
184
44
379950455818
2668
-305121
51690
190
0
-93257
-3299
-4913
-2651880
92758
419380458
-2315
19605780
351244
-182357
16872
6404
247136850
-26540839156
-15149635
-90
20828407200
337712774
-2560
-1149338
-29163022560
55988
10940623
242
-343687
-447242227483
264578
4300762
278332498348
-72
36324
-315926
1654
-8345
14127927867144
-178
309595
4023
114
145
-4
-7284
680034
139627
44400
-1166627978
6550
4539587
247845
2146708
595906
6504108
124
-333
21
130143
-13321
7068930284
-102299
312304842
214581
-1146
-5419
11056
7752
-4465827
5666
4847
-1278
153568
2243
2481
17746781
37920
6079009
53101017872430
35303
94960
-740516700
13624
0
-702765
26
-2970
-245405699
42
-14244736
2145
-6629
-592155950
-2299
240
-7101
4371818
-351
-143297
790113518
47
116
72750
1027
-31613944
8665
166
-657
114
-970313
21253144
1831
-439815634079
-8812752
129580
117332250432
-1558558
1182993
-891290466
218
116
25
-97
47304
-348884459
-213211
1205108060
-2186410
85
3410908
-50102
-152289
190575
20803
52182
5639361
1679038
-2741933
634399
246525083
-17259072
-2004712416
7209890
-3553
1609
-7347
293
56137536
95
153719
-83208
-1564320
448274
57325126
-991384789
122
232576283
970
57752090
2946
-21769
-18854728
-633454145
-15092
2595022466
2961236675376
-2230258
59
1820
-389752
384667067168
315
-311193
204
-2327462
-28
2161
14528469
-5009
-855200
-9778184
3882
-516057
-2058644
-34506
5220
22852
1688
44650
-429
3500
8090
3569433
2317
22935732
122469
-4645
399384
1371
684
2638
-539
11818
174
148583816131
845
19367589
10844
2008
819
2088454682
93618
378180
-121587723
532
110
-269162676
-59961
-222
5566
284302
5680
146
780247
793
2200247
6245167
7550671
9856
1652
-116480
-209460214374585
134
9478799
220579705
23958
-17477996
-16
-14838824
111968866826
112
-5352
-352951
127273
6399
-18049
-253975
113
-1762
7499
-226064782
34
7551
-427367959
37
-929315
66
5063
-10400
-225664
88
-119271623
1464679
103354
161475
104
1800
-1783689
-1638
1342
2763
12117
-1524
-7584
4122527
-27329
36039
7
0
6330946
-3434
52
157006
2511
-1246
3008
-7207
5183
89
81133
3346196937600
-16250
35009711055
-2537
-1909
-313
5696
-644040779
192
102
44631
92914
12821118
6484966
34788773
4964
-239159
-318222223638
19543586
-15049872
-39
-2172048
116388
445518
-1021
-1064
2201
-7813
137
10622
-336
-560705106
-126718
66981618612
407162
-108375
-1398187440
8546
-47
2071
65649
242284
-21360
-307
-1015
2379
13485471
95298585
-158787
53
491
164817
-5551251
254059
11
-41381278
1295415
-41685893021994048
-98
227807834
1331
69664
1128
-909
1325
3149
-45131473134
-42684067
2026
-3430917
23793
6937
425
-11414535194
-74733
5366490408704
-23298
-646879
1255
10787712
1187
104641
-143175
-1713962
-5342084
3937
8554
1868730
14838
2013337138176
-3303
4878
-259241
2898
-847
-6310
-412938585
-6745
2177698009
333
7840008
193
1813
81684913
1373227
298
121942060850
2382
-146
178
26379
-160856
483453362
9350
288365
-34355884
306
1457399
210126
53352
-53699839380
3500
-120580
-146182
205174668
45600
1368
33528825
-1414
-2585
5229
1884
298788
1723916
-1889
131
149
9
-119575764
-1804
9557
41
10754
-368368
19962292
-202573
5994
2565165
-88
3510
3734
17259603955
-1011591969
12397
-6254295867
403
10989308
68567
175497
-98218
81409167488
13439
2369
-5442848
180462
2851591635
-3491642
-237
314752
-12330103
240
879
148692
2973170367
-14944854720
-492950
-169765
-7712830699
-97
-1845
114261
-254160805
-3195
88148
307
-181532497401088
161468
-145223856
24218226237208
-138210472
3788
-7038
129376
162425
16008300128
1610192828
190321
7236
7955
182584
57797
-35
-22009155605
87823
-217147
-4982
1833311634
-21
-2336899709578283041
-8932
-505568
5587
2183
2792698
2969441
3146
128
-2316672
-313907200
88
-4277
6086
-12090
1288
940
-230779189
-10114
-437624
-8514
38048
492414
41259701
325
-15179932161
-453805824
31653
2339821134
-185
4
295499
-205579
256035735
-1942
470982
42120082020
-170577
1119
13359082464
2774013
-253284
-16703603
-120439
348
1224
5038
57
2453
1010
187914249
-7446
690
4039728
1376
-5619227
-714510
-46590745889079
122
3225
6
8868
-9916708
3535905
-13520
43785132
35706340
88
-160478
107
3798
28013588
268830
-1810277116848
18521
-360606400
-7892
775
-85313
-2109273
32317
47729880
359172
-11787750
737468
13750
1953621267
18
80178588
945
-25855
-9200
-41
-192
-19681167
-877445
346782592
-553195
-115190
-1258
-1751
-129849
975
-10518
-9828
144
-4011472
6369
669
3757
-1332053141
-147976763050
4060
1599
39962987
-1149
-14591914
2368800
-29
23082724392672
8791
-186697487706577
-60840
91903
180831001
-1125323
96721263893
13846443
3771321
3046
-2614030
-10502800
6212
15378881
3004
984
-852043
495
-3192276
44029
-7080
-11426
-233
-4465587
91
-64432
189576
-132
106755
-3873012200
-16242081
180327
51416
-155647
73
6709
802154
2551250
190136
6862711
-45402
56
216483
-4680
47
-23117651
179014
-1737282473
-5
4183
-1052807174
195440
384
511815
-93800757
-2128805176215
159
34606419
3449
42947
-301339
-45251008
2801
187281
-1592811
2034337
335885
-267280
37540071
127608
-3266
-3546
114451
-1099597
17043289621
-612984
-1064409112
3662
-2180922
174
-4
535442
200
4758
7738
-6804
214108
100159
276
-94310
4158394
83
8039823
-12257793
-268880
5790661
179
103
8
90
125
-66560
-671004463584
2435
-34104
-20
104328
-15214332
-199343938304
-2936
-5280535132
-2718
111
-57
89779877
-225550
2912
21624
-220252
-1048200160
-88
28
-643720031
5472
-1794
9030
218
-391919
19579
-902172906676
-370143
7263
3196
-2461965
-280828
-56
-820
240
-92
161030
849
10569
3406
22103
8101
8701277
-126043525402
-442869
1157
209710555200
-12880632
-11
146862
-914375
1969516744
3168340
9174
35929
-6011
28074462
14263810
1955178
-7522257
110743
-97631
127
-8025144
5330
129775735138
-20892641
7300182
159
-757112145122
-220509983160
1043064
7778
-14881368
-122492
90
496929
-167
-590
95
9950
639440643023
-4597
-178287
-100
38
2499434560
-7574
-1386
2232895
-2514277156
1759
187
-76928
-7896
4957
-302622107
-10030
23
-298414
-1811232
209727
-5904353
-17577824
239120
5035001
-15722
-442224
2109
288318
-27993437587689
1512878
-21920
473
2330932
1651
7746800
-900042
-1659
61188841
-25200
213
-593194
-23
551887
-63805680387605
-11579927
-1392
4383
18413486
43763
130
3294723
439
1329
153
3080
-2312640
909874
657266
304535
-97722048600
-4478835543
-6420095
3173
-5573
-11555580
-68820
-96360
-13616529
5369418
-390284223
27
0
30695
-8417
41998
1926
6382162
-9963983
38405856
-3538
58
4878
147602
6048
-19952
-6066
-79679
-165
-108193
-82279667865
-6017833
114
4413
1234195
-1438
-110
11749
5553
225908
4111677
-6370450
2054
109943680
9021
-15767994
-359900
16866279
-255554328
123
180428
862937
4831
110
328844
-3874916
268751317
820
-826808832
5461848
163912240130142
-50470
5332
139
-3435
-90321
67
-923529
-285
5532
27451
-2978
204358
2882
115
76616
-194471
-3641
-1274
-861320
-12037110
-9023
-285
56665
105093846
81782
137676
-474