1
1
1
1
27
1
1
1
1
2
6
1
1
1
1
1
3
2
3
1
4
2
13
1
1
1
6
2
3
1
1
1
1
1
5
1
1
1
6
1
30
1
1
1
1
1
1
1
1
1
120
7
1
1
1
1
1
3
1
8
1
1
2
1
1
1
1
4
3
2
1
3
3
1
1
1
1
1
1
1
1
1
1
1
8
9
1
2
9
1
1
21
13
4
11
1
3
9
11
2
1
1
1
1
1
1
1
1
1
1
2
1
1
1
1
1
1
1
2
1
1
1
2
43
1
2
3
1
1
1
2
1
1
1
1
1
1
1
2
1
1
1
2
1
1
2
1
2
1
1
3
2
1
3
1
1
1
3
10
2
1
1
2
1
1
1
1
1
3
1
1
2
1
1
1
1
5
1
3
5
1
2
1
1
5
1
1
1
1
1
2
2
2
1
1
1
1
1
1
1
1
1
1
1
1
1
2
2
1
1
4
1
2
1
2
2
5
2
1
2
1
1
2
1
1
1
1
1
28
2
1
1
5
2
1
3
19
3
2
1
1
2
1
1
1
30
1
1
4
1
1
1
1
2
2
1
1
2
1
1
1
1
1
1
4
1
1
1
3
3
1
1
2
1
10
1
1
8
4
1
1
1
3
2
1
1
2
33
1
1
1
1
2
1
3
2
9
2
4
1
3
1
1
1
1
1
1
1
6
1
3
2
1
2
83
5
1
1
1
5
1
2
5
4
1
2
1
1
1
1
1
8
1
1
1
1
1
5
1
1
3
1
1
1
3
1
1
1
11
1
2
1
1
1
1
1
2
1
1
1
1
1
1
1
1
1
2
5
1
1
1
1
6
1
1
1
1
1
2
4
1
1
1
1
1
1
1
2
1
1
1
1
2
2
1
30
2
1
1
3
3
1
3
1
1
1
1
1
1
1
1
1
1
1
2
1
2
11
1
1
1
1
1
7
21
1
12
1
1
1
8
1
2
3
1
1
13
1
1
6
1
1
1
1
6
1
4
3
1
3
1
1
2
2
2
1
1
3
90
1
1
4
3
1
1
1
1
2
1
1
106
1
1
1
2
31
2
1
1
4
2
4
2
1
1
1
1
1
1
1
1
1
1
1
2
9
2
1
1
3
1
2
1
17
3
1
1
1
5
1
10
1
13
1
1
1
1
4
18
4
1
5
2
1
12
1
1
1
1
1
1
2
5
1
1
3
